  1      -2.0000000000      -0.5000000000      -1.2500000000     100.0000000000
  2      -2.0000000000      -1.2500000000      -1.6250000000      23.0769230769
  3      -1.6250000000      -1.2500000000      -1.4375000000      13.0434782609
  4      -1.4375000000      -1.2500000000      -1.3437500000       6.9767441860
  5      -1.4375000000      -1.3437500000      -1.3906250000       3.3707865169
  6      -1.4375000000      -1.3906250000      -1.4140625000       1.6574585635
  7      -1.4375000000      -1.4140625000      -1.4257812500       0.8219178082
  8      -1.4257812500      -1.4140625000      -1.4199218750       0.4126547455
  9      -1.4199218750      -1.4140625000      -1.4169921875       0.2067539628
 10      -1.4199218750      -1.4169921875      -1.4184570312       0.1032702238
 11      -1.4199218750      -1.4184570312      -1.4191894531       0.0516084638
 12      -1.4191894531      -1.4184570312      -1.4188232422       0.0258108922
 13      -1.4191894531      -1.4188232422      -1.4190063477       0.0129037808
 14      -1.4191894531      -1.4190063477      -1.4190979004       0.0064514742
 15      -1.4190979004      -1.4190063477      -1.4190521240       0.0032258411
