  1      -2.0000000000      -0.5000000000      -1.6287074418     100.0000000000
  2      -1.6287074418      -0.5000000000      -1.4970142940       8.7970534640
  3      -1.4970142940      -0.5000000000      -1.4483985345       3.3565181363
  4      -1.4483985345      -0.5000000000      -1.4301560548       1.2755586822
  5      -1.4301560548      -0.5000000000      -1.4232669824       0.4840323337
  6      -1.4232669824      -0.5000000000      -1.4206590281       0.1835735506
  7      -1.4206590281      -0.5000000000      -1.4196708307       0.0696075031
  8      -1.4196708307      -0.5000000000      -1.4192962537       0.0263917408
  9      -1.4192962537      -0.5000000000      -1.4191542510       0.0100061533
 10      -1.4191542510      -0.5000000000      -1.4191004148       0.0037936861
