  1       0.0000000000       1.0000000000             0.5000     100.0000000000
  2       0.0000000000       0.5000000000             0.2500     100.0000000000
  3       0.2500000000       0.5000000000             0.3750      33.3333333333
  4       0.3750000000       0.5000000000             0.4375      14.2857142857
  5       0.3750000000       0.4375000000             0.4062       7.6923076923
  6       0.4062500000       0.4375000000             0.4219       3.7037037037
  7       0.4062500000       0.4218750000             0.4141       1.8867924528
  8       0.4140625000       0.4218750000             0.4180       0.9345794393
  9       0.4179687500       0.4218750000             0.4199       0.4651162791
 10       0.4179687500       0.4199218750             0.4189       0.2331002331
 11       0.4179687500       0.4189453125             0.4185       0.1166861144
 12       0.4179687500       0.4184570312             0.4182       0.0583771162
 13       0.4179687500       0.4182128906             0.4181       0.0291970803
 14       0.4180908203       0.4182128906             0.4182       0.0145964093
 15       0.4180908203       0.4181518555             0.4181       0.0072987373
 16       0.4180908203       0.4181213379             0.4181       0.0036495018
